24
3
400 400 400 
40 40 40 
3
400 400 400 
40 40 40 
3
400 400 400 
40 40 40 
3
400 400 400 
40 40 40 
3
400 400 400 
40 40 40 
3
400 400 400 
40 40 40 
3
400 400 400 
40 40 40 
3
450 200 19 
0 0 0 
3
400 400 400 
40 40 40 
3
445 210 19 
0 0 0 
3
210 100 10 
5 3 1 
3
400 400 400 
40 40 40 
3
400 400 400 
40 40 40 
3
400 400 400 
40 40 40 
3
400 400 400 
40 40 40 
3
400 400 400 
40 40 40 
3
400 400 400 
40 40 40 
3
400 400 400 
40 40 40 
3
400 400 400 
40 40 40 
3
400 400 400 
40 40 40 
3
400 400 400 
40 40 40 
3
400 400 400 
40 40 40 
3
400 400 400 
40 40 40 
3
400 400 400 
40 40 40 
